13/12/2020, 15:38:23
RngSeed: 1607873900293
CarToFollow: 1 2 dijkstra 4.85
FileOfCars: exp1/car.txt
FileOfCity: exp1/city.txt
FileOfPriorityCars: exp1/priorityCars.txt
FileOfTypeWeather: exp1/typeWeather.txt
NumberMinIntersectionCar: 2
NumberPriorityCars: 0
NumberShortestPathCar: 2
NumberShortestTimeCar: 2
PriorityCarToFollow: 1 2
ProbabilityAddCar: 0.3
ProbabilityAddPriorityCar: 0.6
ProbabilityChangeWeather: 0.4
TickIntervalChangeWeather: 200
TickIntervalMakeCar: 500

"tick", "Min intersection strategy", "Min distance strategy", "Min time strategy"
100.0, 0.0, 0.694445, 0.0
200.0, 14.583345, 11.11112, 10.416675
300.0, 27.8125219685334, 22.500017735090257, 20.868071968533396
400.0, 39.09725280461192, 32.95140803695699, 32.15280280461192
500.0, 47.9861289370668, 43.22918717160801, 41.14585217160801
600.0, 54.61806556897263, 50.520846503843266, 49.58334573728641
700.0, 57.77779020307461, 55.65973290340404, 55.00001653860411
800.0, 63.19446100439231, 60.38195236919224, 59.479173902305966
900.0, 71.49307870472173, 67.08334660263539, 64.79167813574911
1000.0, 78.43752870472173, 74.72224160263538, 71.7361281357491
1100.0, 85.38197870472173, 80.86807336809416, 78.6805781357491
1200.0, 89.27085763629812, 85.72918836809417, 84.40973630076866
1300.0, 93.43752763629813, 90.86807476765493, 88.57640630076865
1400.0, 95.13890466886282, 93.92361950054904, 92.36111833333332
1500.0, 97.22223966886281, 96.00695450054904, 96.52778166666667
1600.0, 101.38890966886281, 100.17362450054902, 99.30556166666668
1700.0, 105.55557966886282, 104.34029450054904, 102.77778666666666
1800.0, 109.72224966886283, 108.50696450054903, 106.94445666666667
1900.0, 114.58336466886283, 112.67363450054903, 111.11111999999999
2000.0, 118.75003466886282, 116.84030450054904, 113.19444833333334
2100.0, 122.2222463355295, 120.31251616721569, 114.58333833333332
2200.0, 123.61113633552951, 121.7014061672157, 115.97222833333335
2300.0, 125.00002633552951, 123.0902961672157, 116.66666666666667
2400.0, 126.38891633552952, 124.4791861672157, 116.66666666666667
2500.0, 127.77780633552952, 125.8680761672157, 116.66666666666667
2600.0, 129.1666963355295, 127.25696616721571, 116.66666666666667
2700.0, 130.5555863355295, 128.64585616721573, 116.66666666666667
2800.0, 131.94447633552952, 130.03474616721573, 116.66666666666667
2900.0, 133.33336633552952, 131.42363616721573, 116.66666666666667
3000.0, 134.72225633552952, 132.81252616721574, 116.66666666666667
3100.0, 136.11114633552953, 134.20141616721574, 116.66666666666667
3200.0, 137.50003633552953, 135.59030616721574, 116.66666666666667
3300.0, 138.88892633552953, 136.97919616721575, 116.66666666666667
3400.0, 140.27781633552954, 138.36808616721575, 116.66666666666667
3500.0, 141.66670633552954, 139.75697616721575, 116.66666666666667
3600.0, 143.05559633552954, 141.14586616721576, 116.66666666666667
3700.0, 144.44448633552955, 142.53475616721576, 116.66666666666667
3800.0, 145.83337633552955, 143.92364616721576, 116.66666666666667
3900.0, 147.22226633552955, 145.31253616721574, 116.66666666666667
4000.0, 148.61115633552956, 146.70142616721577, 116.66666666666667
4100.0, 150.0, 148.09031616721575, 116.66666666666667
4200.0, 150.0, 149.47920616721578, 116.66666666666667
4300.0, 150.0, 150.86809616721575, 116.66666666666667
4400.0, 150.0, 152.25698616721579, 116.66666666666667
4500.0, 150.0, 153.64587616721576, 116.66666666666667
4600.0, 150.0, 155.0347661672158, 116.66666666666667
4700.0, 150.0, 156.42365616721577, 116.66666666666667
4800.0, 150.0, 157.8125461672158, 116.66666666666667
4900.0, 150.0, 158.33333333333334, 116.66666666666667
5000.0, 150.0, 159.02777833333334, 116.66666666666667
5100.0, 150.0, 160.41666833333332, 116.66666666666667
5200.0, 150.0, 161.80555833333332, 116.66666666666667
5300.0, 150.0, 162.95139256677646, 116.66666666666667
5400.0, 150.0, 163.85417103366277, 116.66666666666667
5500.0, 150.0, 164.75694950054904, 116.66666666666667
13/12/2020, 15:38:23
RngSeed: 1607873900293
CarToFollow: 1 2 dijkstra 4.85
FileOfCars: exp1/car.txt
FileOfCity: exp1/city.txt
FileOfPriorityCars: exp1/priorityCars.txt
FileOfTypeWeather: exp1/typeWeather.txt
NumberMinIntersectionCar: 2
NumberPriorityCars: 0
NumberShortestPathCar: 2
NumberShortestTimeCar: 2
PriorityCarToFollow: 1 2
ProbabilityAddCar: 0.3
ProbabilityAddPriorityCar: 0.6
ProbabilityChangeWeather: 0.4
TickIntervalChangeWeather: 200
TickIntervalMakeCar: 500

"tick", "Min intersection strategy", "Min distance strategy", "Min time strategy"
100.0, 4.333333333333333, 3.8333333333333335, 4.166666666666667
200.0, 7.666666666666667, 8.5, 8.666666666666666
300.0, 7.666666666666667, 9.0, 9.0
400.0, 7.666666666666667, 9.0, 9.0
500.0, 8.166666666666666, 9.333333333333334, 9.5
600.0, 8.833333333333334, 10.0, 10.166666666666666
700.0, 9.333333333333334, 10.666666666666666, 10.666666666666666
800.0, 9.333333333333334, 10.833333333333334, 10.666666666666666
900.0, 9.333333333333334, 10.833333333333334, 11.0
1000.0, 9.333333333333334, 10.833333333333334, 11.0
1100.0, 9.333333333333334, 10.833333333333334, 11.0
1200.0, 9.333333333333334, 10.833333333333334, 11.0
1300.0, 9.333333333333334, 10.833333333333334, 11.5
1400.0, 9.5, 11.0, 11.666666666666666
1500.0, 10.0, 11.5, 11.666666666666666
1600.0, 10.0, 11.5, 11.833333333333334
1700.0, 10.0, 11.5, 12.0
1800.0, 10.0, 11.5, 12.0
1900.0, 10.0, 11.5, 12.0
2000.0, 10.0, 11.5, 12.0
2100.0, 10.0, 11.5, 12.0
2200.0, 10.0, 11.5, 12.0
2300.0, 10.0, 11.5, 12.0
2400.0, 10.0, 11.5, 12.0
2500.0, 10.0, 11.5, 12.0
2600.0, 10.0, 11.5, 12.0
2700.0, 10.0, 11.5, 12.0
2800.0, 10.0, 11.5, 12.0
2900.0, 10.0, 11.5, 12.0
3000.0, 10.0, 11.5, 12.0
3100.0, 10.0, 11.5, 12.0
3200.0, 10.0, 11.5, 12.0
3300.0, 10.0, 11.5, 12.0
3400.0, 10.0, 11.5, 12.0
3500.0, 10.0, 11.5, 12.0
3600.0, 10.0, 11.5, 12.0
3700.0, 10.0, 11.5, 12.0
3800.0, 10.0, 11.5, 12.0
3900.0, 10.0, 11.5, 12.0
4000.0, 10.0, 11.5, 12.0
4100.0, 10.0, 11.5, 12.0
4200.0, 10.0, 11.5, 12.0
4300.0, 10.0, 11.5, 12.0
4400.0, 10.0, 11.5, 12.0
4500.0, 10.0, 11.5, 12.0
4600.0, 10.0, 11.5, 12.0
4700.0, 10.0, 11.5, 12.0
4800.0, 10.0, 11.5, 12.0
4900.0, 10.0, 11.5, 12.0
5000.0, 10.0, 11.666666666666666, 12.0
5100.0, 10.0, 11.666666666666666, 12.0
5200.0, 10.0, 11.666666666666666, 12.0
5300.0, 10.0, 11.666666666666666, 12.0
5400.0, 10.0, 11.666666666666666, 12.0
5500.0, 10.0, 11.666666666666666, 12.0
13/12/2020, 15:38:23
RngSeed: 1607873900293
CarToFollow: 1 2 dijkstra 4.85
FileOfCars: exp1/car.txt
FileOfCity: exp1/city.txt
FileOfPriorityCars: exp1/priorityCars.txt
FileOfTypeWeather: exp1/typeWeather.txt
NumberMinIntersectionCar: 2
NumberPriorityCars: 0
NumberShortestPathCar: 2
NumberShortestTimeCar: 2
PriorityCarToFollow: 1 2
ProbabilityAddCar: 0.3
ProbabilityAddPriorityCar: 0.6
ProbabilityChangeWeather: 0.4
TickIntervalChangeWeather: 200
TickIntervalMakeCar: 500

"tick", "Number Stopped Cars", "Min intersection strategy", "Min distance strategy", "Min time strategy"
100.0, 17.0, 0.0, 0.0, 0.0
200.0, 3.0, 0.0, 0.0, 0.0
300.0, 0.0, 0.0, 0.0, 0.0
400.0, 0.0, 0.0, 0.0, 0.0
500.0, 0.0, 1.0, 0.0, 0.0
600.0, 0.0, 1.0, 0.0, 0.0
700.0, 0.0, 1.0, 0.0, 0.0
800.0, 0.0, 1.0, 0.0, 1.0
900.0, 0.0, 1.0, 1.0, 1.0
1000.0, 0.0, 1.0, 1.0, 1.0
1100.0, 0.0, 1.0, 2.0, 1.0
1200.0, 0.0, 1.0, 2.0, 1.0
1300.0, 0.0, 3.0, 2.0, 1.0
1400.0, 0.0, 3.0, 2.0, 3.0
1500.0, 0.0, 3.0, 3.0, 3.0
1600.0, 0.0, 3.0, 3.0, 3.0
1700.0, 0.0, 3.0, 3.0, 3.0
1800.0, 0.0, 3.0, 3.0, 3.0
1900.0, 0.0, 3.0, 3.0, 3.0
2000.0, 0.0, 3.0, 3.0, 5.0
2100.0, 0.0, 4.0, 4.0, 5.0
2200.0, 0.0, 5.0, 5.0, 5.0
2300.0, 0.0, 5.0, 5.0, 6.0
2400.0, 0.0, 5.0, 5.0, 6.0
2500.0, 0.0, 5.0, 5.0, 6.0
2600.0, 0.0, 5.0, 5.0, 6.0
2700.0, 0.0, 5.0, 5.0, 6.0
2800.0, 0.0, 5.0, 5.0, 6.0
2900.0, 0.0, 5.0, 5.0, 6.0
3000.0, 0.0, 5.0, 5.0, 6.0
3100.0, 0.0, 5.0, 5.0, 6.0
3200.0, 0.0, 5.0, 5.0, 6.0
3300.0, 0.0, 5.0, 5.0, 6.0
3400.0, 0.0, 5.0, 5.0, 6.0
3500.0, 0.0, 5.0, 5.0, 6.0
3600.0, 0.0, 5.0, 5.0, 6.0
3700.0, 0.0, 5.0, 5.0, 6.0
3800.0, 0.0, 5.0, 5.0, 6.0
3900.0, 0.0, 5.0, 5.0, 6.0
4000.0, 0.0, 5.0, 5.0, 6.0
4100.0, 0.0, 5.0, 5.0, 6.0
4200.0, 0.0, 6.0, 5.0, 6.0
4300.0, 0.0, 6.0, 5.0, 6.0
4400.0, 0.0, 6.0, 5.0, 6.0
4500.0, 0.0, 6.0, 5.0, 6.0
4600.0, 0.0, 6.0, 5.0, 6.0
4700.0, 0.0, 6.0, 5.0, 6.0
4800.0, 0.0, 6.0, 5.0, 6.0
4900.0, 0.0, 6.0, 5.0, 6.0
5000.0, 0.0, 6.0, 5.0, 6.0
5100.0, 0.0, 6.0, 5.0, 6.0
5200.0, 0.0, 6.0, 5.0, 6.0
5300.0, 0.0, 6.0, 5.0, 6.0
5400.0, 0.0, 6.0, 5.0, 6.0
5500.0, 0.0, 6.0, 5.0, 6.0
