13/12/2020, 15:32:49
RngSeed: 1607873562689
CarToFollow: 1 2 dijkstra 4.85
FileOfCars: exp1/car.txt
FileOfCity: exp1/city.txt
FileOfPriorityCars: exp1/priorityCars.txt
FileOfTypeWeather: exp1/typeWeather.txt
NumberMinIntersectionCar: 2
NumberPriorityCars: 0
NumberShortestPathCar: 2
NumberShortestTimeCar: 2
PriorityCarToFollow: 1 2
ProbabilityAddCar: 0.3
ProbabilityAddPriorityCar: 0.6
ProbabilityChangeWeather: 0.4
TickIntervalChangeWeather: 200
TickIntervalMakeCar: 500

"tick", "Min intersection strategy", "Min distance strategy", "Min time strategy"
100.0, 0.0, 0.0, 0.0
200.0, 1.38889, 3.472225, 4.16667
300.0, 8.888896049670578, 11.527787057949007, 10.694453066227437
400.0, 15.833346132454873, 17.222236132454874, 17.36112516556859
500.0, 22.50001823179603, 24.444464240074456, 24.027797264909747
600.0, 29.166690331137186, 31.111136339415612, 30.694469364250903
700.0, 35.83336243047834, 37.77780843875677, 37.361141463592055
800.0, 42.500034529819494, 44.02780677209011, 43.61113979692539
900.0, 48.61113033113718, 48.75001253201564, 48.47223454857251
1000.0, 50.69445179084311, 50.55555600827844, 50.55555600827844
1100.0, 54.166676749450964, 54.131947741721575, 53.36805818377257
1200.0, 61.701404809047084, 61.52778689238042, 61.04167515230596
1300.0, 66.42363069314906, 66.00695709270984, 65.10417825329422
1400.0, 71.14585657725105, 70.93751652648241, 69.61807058772564
1500.0, 78.22919540340403, 78.33335567714126, 76.38890908937276
1600.0, 82.95142128750602, 83.26391511091381, 80.90280142380416
1700.0, 91.18058747347472, 90.34723393706679, 89.93057967435321
1800.0, 94.0625150347608, 93.02083436699608, 91.66666666666667
1900.0, 97.2222396688628, 96.63194823454121, 93.02083436699608
2000.0, 99.93057506952164, 99.34028363520007, 95.72916976765494
2100.0, 104.44446740395306, 103.85417596963147, 100.6944513355295
2200.0, 107.15280280461191, 107.4652898371766, 103.85417596963147
2300.0, 111.21530590560019, 111.07640370472173, 107.91667907061975
2400.0, 113.92364130625903, 113.54167700329424, 110.62501447127859
2500.0, 117.53475517380416, 115.55556106842359, 113.78473910538058
2600.0, 120.00002847237666, 116.45833953530986, 116.25001240395306
2700.0, 121.56252330406289, 116.66666666666667, 116.66666666666667
2800.0, 122.46530177094917, 116.66666666666667, 116.66666666666667
2900.0, 123.36808023783544, 116.66666666666667, 116.66666666666667
3000.0, 124.27085870472173, 116.66666666666667, 116.66666666666667
3100.0, 125.17363717160804, 116.66666666666667, 116.66666666666667
3200.0, 126.07641563849431, 116.66666666666667, 116.66666666666667
3300.0, 127.46530563849431, 116.66666666666667, 116.66666666666667
3400.0, 128.8541956384943, 116.66666666666667, 116.66666666666667
3500.0, 130.2430856384943, 116.66666666666667, 116.66666666666667
3600.0, 131.6319756384943, 116.66666666666667, 116.66666666666667
3700.0, 133.0208656384943, 116.66666666666667, 116.66666666666667
3800.0, 134.40975563849432, 116.66666666666667, 116.66666666666667
3900.0, 135.79864563849432, 116.66666666666667, 116.66666666666667
4000.0, 137.18753563849432, 116.66666666666667, 116.66666666666667
4100.0, 138.57642563849433, 116.66666666666667, 116.66666666666667
4200.0, 139.96531563849433, 116.66666666666667, 116.66666666666667
4300.0, 141.35420563849434, 116.66666666666667, 116.66666666666667
4400.0, 142.74309563849434, 116.66666666666667, 116.66666666666667
4500.0, 144.13198563849434, 116.66666666666667, 116.66666666666667
4600.0, 145.52087563849435, 116.66666666666667, 116.66666666666667
4700.0, 146.90976563849435, 116.66666666666667, 116.66666666666667
4800.0, 148.29865563849435, 116.66666666666667, 116.66666666666667
4900.0, 148.99310063849438, 116.66666666666667, 116.66666666666667
5000.0, 150.0, 116.66666666666667, 116.66666666666667
5100.0, 150.0, 116.66666666666667, 116.66666666666667
5200.0, 150.0, 116.66666666666667, 116.66666666666667
5300.0, 150.0, 116.66666666666667, 116.66666666666667
5400.0, 150.0, 116.66666666666667, 116.66666666666667
5500.0, 150.0, 116.66666666666667, 116.66666666666667
5600.0, 150.0, 116.66666666666667, 116.66666666666667
5700.0, 150.0, 116.66666666666667, 116.66666666666667
5800.0, 150.0, 116.66666666666667, 116.66666666666667
13/12/2020, 15:32:49
RngSeed: 1607873562689
CarToFollow: 1 2 dijkstra 4.85
FileOfCars: exp1/car.txt
FileOfCity: exp1/city.txt
FileOfPriorityCars: exp1/priorityCars.txt
FileOfTypeWeather: exp1/typeWeather.txt
NumberMinIntersectionCar: 2
NumberPriorityCars: 0
NumberShortestPathCar: 2
NumberShortestTimeCar: 2
PriorityCarToFollow: 1 2
ProbabilityAddCar: 0.3
ProbabilityAddPriorityCar: 0.6
ProbabilityChangeWeather: 0.4
TickIntervalChangeWeather: 200
TickIntervalMakeCar: 500

"tick", "Min intersection strategy", "Min distance strategy", "Min time strategy"
100.0, 1.8333333333333333, 2.0, 2.0
200.0, 3.6666666666666665, 3.1666666666666665, 3.1666666666666665
300.0, 3.6666666666666665, 3.3333333333333335, 3.3333333333333335
400.0, 3.6666666666666665, 3.3333333333333335, 3.3333333333333335
500.0, 3.6666666666666665, 3.3333333333333335, 3.3333333333333335
600.0, 3.6666666666666665, 3.3333333333333335, 3.3333333333333335
700.0, 3.6666666666666665, 3.3333333333333335, 3.3333333333333335
800.0, 3.6666666666666665, 3.3333333333333335, 3.3333333333333335
900.0, 3.6666666666666665, 3.5, 3.5
1000.0, 4.333333333333333, 4.5, 4.333333333333333
1100.0, 5.0, 4.833333333333333, 5.0
1200.0, 5.0, 5.0, 5.0
1300.0, 5.0, 5.0, 5.0
1400.0, 5.0, 5.0, 5.0
1500.0, 5.0, 5.0, 5.0
1600.0, 5.0, 5.0, 5.0
1700.0, 5.0, 5.333333333333333, 5.0
1800.0, 5.333333333333333, 6.0, 5.166666666666667
1900.0, 6.0, 6.333333333333333, 6.333333333333333
2000.0, 6.0, 6.333333333333333, 6.333333333333333
2100.0, 6.0, 6.333333333333333, 6.333333333333333
2200.0, 6.0, 6.333333333333333, 6.333333333333333
2300.0, 6.0, 6.333333333333333, 6.333333333333333
2400.0, 6.0, 6.333333333333333, 6.333333333333333
2500.0, 6.0, 6.333333333333333, 6.333333333333333
2600.0, 6.0, 6.333333333333333, 6.333333333333333
2700.0, 6.0, 6.333333333333333, 6.333333333333333
2800.0, 6.0, 6.333333333333333, 6.333333333333333
2900.0, 6.0, 6.333333333333333, 6.333333333333333
3000.0, 6.0, 6.333333333333333, 6.333333333333333
3100.0, 6.0, 6.333333333333333, 6.333333333333333
3200.0, 6.0, 6.333333333333333, 6.333333333333333
3300.0, 6.0, 6.333333333333333, 6.333333333333333
3400.0, 6.0, 6.333333333333333, 6.333333333333333
3500.0, 6.0, 6.333333333333333, 6.333333333333333
3600.0, 6.0, 6.333333333333333, 6.333333333333333
3700.0, 6.0, 6.333333333333333, 6.333333333333333
3800.0, 6.0, 6.333333333333333, 6.333333333333333
3900.0, 6.0, 6.333333333333333, 6.333333333333333
4000.0, 6.0, 6.333333333333333, 6.333333333333333
4100.0, 6.0, 6.333333333333333, 6.333333333333333
4200.0, 6.0, 6.333333333333333, 6.333333333333333
4300.0, 6.0, 6.333333333333333, 6.333333333333333
4400.0, 6.0, 6.333333333333333, 6.333333333333333
4500.0, 6.0, 6.333333333333333, 6.333333333333333
4600.0, 6.0, 6.333333333333333, 6.333333333333333
4700.0, 6.0, 6.333333333333333, 6.333333333333333
4800.0, 6.0, 6.333333333333333, 6.333333333333333
4900.0, 6.0, 6.333333333333333, 6.333333333333333
5000.0, 6.0, 6.333333333333333, 6.333333333333333
5100.0, 6.0, 6.333333333333333, 6.333333333333333
5200.0, 6.0, 6.333333333333333, 6.333333333333333
5300.0, 6.0, 6.333333333333333, 6.333333333333333
5400.0, 6.0, 6.333333333333333, 6.333333333333333
5500.0, 6.0, 6.333333333333333, 6.333333333333333
5600.0, 6.0, 6.333333333333333, 6.333333333333333
5700.0, 6.0, 6.333333333333333, 6.333333333333333
5800.0, 6.0, 6.333333333333333, 6.333333333333333
13/12/2020, 15:32:49
RngSeed: 1607873562689
CarToFollow: 1 2 dijkstra 4.85
FileOfCars: exp1/car.txt
FileOfCity: exp1/city.txt
FileOfPriorityCars: exp1/priorityCars.txt
FileOfTypeWeather: exp1/typeWeather.txt
NumberMinIntersectionCar: 2
NumberPriorityCars: 0
NumberShortestPathCar: 2
NumberShortestTimeCar: 2
PriorityCarToFollow: 1 2
ProbabilityAddCar: 0.3
ProbabilityAddPriorityCar: 0.6
ProbabilityChangeWeather: 0.4
TickIntervalChangeWeather: 200
TickIntervalMakeCar: 500

"tick", "Number Stopped Cars", "Min intersection strategy", "Min distance strategy", "Min time strategy"
100.0, 17.0, 0.0, 0.0, 0.0
200.0, 3.0, 0.0, 0.0, 0.0
300.0, 0.0, 0.0, 0.0, 0.0
400.0, 0.0, 0.0, 0.0, 0.0
500.0, 0.0, 0.0, 0.0, 0.0
600.0, 0.0, 0.0, 0.0, 0.0
700.0, 0.0, 0.0, 0.0, 0.0
800.0, 0.0, 0.0, 0.0, 0.0
900.0, 0.0, 0.0, 0.0, 0.0
1000.0, 0.0, 1.0, 1.0, 1.0
1100.0, 0.0, 1.0, 1.0, 1.0
1200.0, 0.0, 1.0, 1.0, 1.0
1300.0, 0.0, 1.0, 1.0, 1.0
1400.0, 0.0, 1.0, 1.0, 1.0
1500.0, 0.0, 1.0, 1.0, 1.0
1600.0, 0.0, 1.0, 1.0, 1.0
1700.0, 0.0, 2.0, 2.0, 2.0
1800.0, 0.0, 3.0, 2.0, 3.0
1900.0, 0.0, 3.0, 3.0, 3.0
2000.0, 0.0, 3.0, 3.0, 3.0
2100.0, 0.0, 3.0, 3.0, 3.0
2200.0, 0.0, 3.0, 3.0, 3.0
2300.0, 0.0, 3.0, 3.0, 3.0
2400.0, 0.0, 3.0, 3.0, 3.0
2500.0, 0.0, 3.0, 4.0, 3.0
2600.0, 0.0, 3.0, 5.0, 3.0
2700.0, 0.0, 5.0, 6.0, 6.0
2800.0, 0.0, 5.0, 6.0, 6.0
2900.0, 0.0, 5.0, 6.0, 6.0
3000.0, 0.0, 5.0, 6.0, 6.0
3100.0, 0.0, 5.0, 6.0, 6.0
3200.0, 0.0, 5.0, 6.0, 6.0
3300.0, 0.0, 5.0, 6.0, 6.0
3400.0, 0.0, 5.0, 6.0, 6.0
3500.0, 0.0, 5.0, 6.0, 6.0
3600.0, 0.0, 5.0, 6.0, 6.0
3700.0, 0.0, 5.0, 6.0, 6.0
3800.0, 0.0, 5.0, 6.0, 6.0
3900.0, 0.0, 5.0, 6.0, 6.0
4000.0, 0.0, 5.0, 6.0, 6.0
4100.0, 0.0, 5.0, 6.0, 6.0
4200.0, 0.0, 5.0, 6.0, 6.0
4300.0, 0.0, 5.0, 6.0, 6.0
4400.0, 0.0, 5.0, 6.0, 6.0
4500.0, 0.0, 5.0, 6.0, 6.0
4600.0, 0.0, 5.0, 6.0, 6.0
4700.0, 0.0, 5.0, 6.0, 6.0
4800.0, 0.0, 5.0, 6.0, 6.0
4900.0, 0.0, 5.0, 6.0, 6.0
5000.0, 0.0, 5.0, 6.0, 6.0
5100.0, 0.0, 6.0, 6.0, 6.0
5200.0, 0.0, 6.0, 6.0, 6.0
5300.0, 0.0, 6.0, 6.0, 6.0
5400.0, 0.0, 6.0, 6.0, 6.0
5500.0, 0.0, 6.0, 6.0, 6.0
5600.0, 0.0, 6.0, 6.0, 6.0
5700.0, 0.0, 6.0, 6.0, 6.0
5800.0, 0.0, 6.0, 6.0, 6.0
