13/12/2020, 15:42:04
RngSeed: 1607874110994
CarToFollow: 1 2 dijkstra 4.85
FileOfCars: exp1/car.txt
FileOfCity: exp1/city.txt
FileOfPriorityCars: exp1/priorityCars.txt
FileOfTypeWeather: exp1/typeWeather.txt
NumberMinIntersectionCar: 2
NumberPriorityCars: 0
NumberShortestPathCar: 2
NumberShortestTimeCar: 2
PriorityCarToFollow: 1 2
ProbabilityAddCar: 0.3
ProbabilityAddPriorityCar: 0.6
ProbabilityChangeWeather: 0.4
TickIntervalChangeWeather: 200
TickIntervalMakeCar: 500

"tick", "Min intersection strategy", "Min distance strategy", "Min time strategy"
100.0, 0.694445, 1.38889, 1.38889
200.0, 6.250004999999999, 9.027785, 5.55556
300.0, 13.8889, 17.361124999999998, 13.8889
400.0, 18.05557, 21.527794999999998, 18.05557
500.0, 26.38891, 29.861135, 23.61113
600.0, 37.50002333333333, 39.58336499999999, 35.41668833333333
700.0, 44.44445999999999, 47.916684999999994, 42.36113833333332
800.0, 50.00001333333333, 52.083335, 50.69445166666666
900.0, 56.944456708058816, 57.083339074505865, 53.75000302483529
1000.0, 59.86112574117252, 59.86111911589801, 55.972227057949006
1100.0, 59.86112574117252, 59.86111911589801, 55.972227057949006
1200.0, 61.52779376600782, 62.08334314901173, 58.750007099341154
1300.0, 67.22224284051369, 65.4166791986823, 63.75001117384702
1400.0, 72.77780292329798, 70.9722392814666, 69.30557125663132
1500.0, 76.66669498124699, 76.5277993642509, 72.6389073063019
1600.0, 82.22225506403129, 82.08335944703519, 78.1944673890862
1700.0, 86.11113362307837, 86.66668296469014, 82.77779769758423
1800.0, 89.44446967274894, 90.55557502263913, 87.22224576381167
1900.0, 92.7777921407333, 93.33333469150195, 92.77777868322353
2000.0, 93.88890415729016, 94.44444670805882, 93.88889069978039
2100.0, 96.11112819040387, 97.77778275772938, 97.22222674945097
2200.0, 99.44446424007447, 101.11111880739998, 100.0000067908431
2300.0, 102.77780028974503, 104.44445485707054, 103.3333428405137
2400.0, 105.5555803311372, 107.2222348984627, 106.66667889018426
2500.0, 108.36808250663132, 110.03473707395683, 109.4791810656784
2600.0, 111.07641790729018, 112.04862076655685, 111.94445399172157
2700.0, 115.00003214073331, 113.88889999999999, 114.72223399172157
2800.0, 118.4722571407333, 116.66666666666667, 116.1111173250549
2900.0, 120.97224582395684, 116.66666666666667, 116.66666666666667
3000.0, 122.36113582395684, 116.66666666666667, 116.66666666666667
3100.0, 123.05558082395684, 116.66666666666667, 116.66666666666667
3200.0, 124.44447082395686, 116.66666666666667, 116.66666666666667
3300.0, 125.83336082395685, 116.66666666666667, 116.66666666666667
3400.0, 127.22225082395687, 116.66666666666667, 116.66666666666667
3500.0, 128.61114082395684, 116.66666666666667, 116.66666666666667
3600.0, 130.00003082395688, 116.66666666666667, 116.66666666666667
3700.0, 131.38892082395685, 116.66666666666667, 116.66666666666667
3800.0, 132.77781082395688, 116.66666666666667, 116.66666666666667
3900.0, 134.16670082395686, 116.66666666666667, 116.66666666666667
4000.0, 135.5555908239569, 116.66666666666667, 116.66666666666667
4100.0, 136.2500358239569, 116.66666666666667, 116.66666666666667
4200.0, 137.6389258239569, 116.66666666666667, 116.66666666666667
4300.0, 138.78476005740004, 116.66666666666667, 116.66666666666667
4400.0, 138.78476005740004, 116.66666666666667, 116.66666666666667
4500.0, 138.78476005740004, 116.66666666666667, 116.66666666666667
4600.0, 139.23614929084317, 116.66666666666667, 116.66666666666667
4700.0, 140.13892775772945, 116.66666666666667, 116.66666666666667
4800.0, 141.04170622461572, 116.66666666666667, 116.66666666666667
4900.0, 141.73615122461572, 116.66666666666667, 116.66666666666667
5000.0, 143.12504122461573, 116.66666666666667, 116.66666666666667
5100.0, 144.37504223289415, 116.66666666666667, 116.66666666666667
5200.0, 145.486154249451, 116.66666666666667, 116.66666666666667
5300.0, 146.59726626600784, 116.66666666666667, 116.66666666666667
5400.0, 147.7083782825647, 116.66666666666667, 116.66666666666667
5500.0, 148.26393429084314, 116.66666666666667, 116.66666666666667
13/12/2020, 15:42:04
RngSeed: 1607874110994
CarToFollow: 1 2 dijkstra 4.85
FileOfCars: exp1/car.txt
FileOfCity: exp1/city.txt
FileOfPriorityCars: exp1/priorityCars.txt
FileOfTypeWeather: exp1/typeWeather.txt
NumberMinIntersectionCar: 2
NumberPriorityCars: 0
NumberShortestPathCar: 2
NumberShortestTimeCar: 2
PriorityCarToFollow: 1 2
ProbabilityAddCar: 0.3
ProbabilityAddPriorityCar: 0.6
ProbabilityChangeWeather: 0.4
TickIntervalChangeWeather: 200
TickIntervalMakeCar: 500

"tick", "Min intersection strategy", "Min distance strategy", "Min time strategy"
100.0, 4.333333333333333, 4.333333333333333, 4.5
200.0, 6.0, 5.5, 6.666666666666667
300.0, 6.166666666666667, 5.5, 6.666666666666667
400.0, 6.166666666666667, 5.5, 6.666666666666667
500.0, 6.166666666666667, 5.5, 6.666666666666667
600.0, 6.166666666666667, 5.5, 6.666666666666667
700.0, 6.333333333333333, 5.833333333333333, 6.833333333333333
800.0, 6.5, 6.166666666666667, 6.833333333333333
900.0, 7.166666666666667, 7.333333333333333, 8.166666666666666
1000.0, 7.166666666666667, 7.333333333333333, 8.166666666666666
1100.0, 7.166666666666667, 7.333333333333333, 8.166666666666666
1200.0, 7.166666666666667, 7.333333333333333, 8.166666666666666
1300.0, 7.166666666666667, 7.333333333333333, 8.166666666666666
1400.0, 7.166666666666667, 7.333333333333333, 8.166666666666666
1500.0, 7.166666666666667, 7.333333333333333, 8.166666666666666
1600.0, 7.166666666666667, 7.333333333333333, 8.166666666666666
1700.0, 7.166666666666667, 7.333333333333333, 8.333333333333334
1800.0, 7.166666666666667, 7.5, 8.5
1900.0, 7.166666666666667, 7.5, 8.5
2000.0, 7.5, 8.166666666666666, 8.833333333333334
2100.0, 7.833333333333333, 8.166666666666666, 9.0
2200.0, 7.833333333333333, 8.166666666666666, 9.0
2300.0, 7.833333333333333, 8.166666666666666, 9.0
2400.0, 7.833333333333333, 8.166666666666666, 9.0
2500.0, 7.833333333333333, 8.166666666666666, 9.0
2600.0, 7.833333333333333, 8.166666666666666, 9.0
2700.0, 7.833333333333333, 8.166666666666666, 9.0
2800.0, 7.833333333333333, 8.166666666666666, 9.0
2900.0, 7.833333333333333, 8.166666666666666, 9.0
3000.0, 7.833333333333333, 8.166666666666666, 9.0
3100.0, 7.833333333333333, 8.166666666666666, 9.0
3200.0, 7.833333333333333, 8.166666666666666, 9.0
3300.0, 7.833333333333333, 8.166666666666666, 9.0
3400.0, 7.833333333333333, 8.166666666666666, 9.0
3500.0, 7.833333333333333, 8.166666666666666, 9.0
3600.0, 7.833333333333333, 8.166666666666666, 9.0
3700.0, 7.833333333333333, 8.166666666666666, 9.0
3800.0, 7.833333333333333, 8.166666666666666, 9.0
3900.0, 7.833333333333333, 8.166666666666666, 9.0
4000.0, 7.833333333333333, 8.166666666666666, 9.0
4100.0, 7.833333333333333, 8.166666666666666, 9.0
4200.0, 7.833333333333333, 8.166666666666666, 9.0
4300.0, 7.833333333333333, 8.166666666666666, 9.0
4400.0, 7.833333333333333, 8.166666666666666, 9.0
4500.0, 7.833333333333333, 8.166666666666666, 9.0
4600.0, 7.833333333333333, 8.166666666666666, 9.0
4700.0, 7.833333333333333, 8.166666666666666, 9.0
4800.0, 7.833333333333333, 8.166666666666666, 9.0
4900.0, 7.833333333333333, 8.166666666666666, 9.0
5000.0, 7.833333333333333, 8.166666666666666, 9.0
5100.0, 7.833333333333333, 8.166666666666666, 9.0
5200.0, 7.833333333333333, 8.166666666666666, 9.0
5300.0, 7.833333333333333, 8.166666666666666, 9.0
5400.0, 7.833333333333333, 8.166666666666666, 9.0
5500.0, 7.833333333333333, 8.166666666666666, 9.0
13/12/2020, 15:42:05
RngSeed: 1607874110994
CarToFollow: 1 2 dijkstra 4.85
FileOfCars: exp1/car.txt
FileOfCity: exp1/city.txt
FileOfPriorityCars: exp1/priorityCars.txt
FileOfTypeWeather: exp1/typeWeather.txt
NumberMinIntersectionCar: 2
NumberPriorityCars: 0
NumberShortestPathCar: 2
NumberShortestTimeCar: 2
PriorityCarToFollow: 1 2
ProbabilityAddCar: 0.3
ProbabilityAddPriorityCar: 0.6
ProbabilityChangeWeather: 0.4
TickIntervalChangeWeather: 200
TickIntervalMakeCar: 500

"tick", "Number Stopped Cars", "Min intersection strategy", "Min distance strategy", "Min time strategy"
100.0, 13.0, 0.0, 0.0, 0.0
200.0, 1.0, 0.0, 0.0, 0.0
300.0, 0.0, 0.0, 0.0, 0.0
400.0, 0.0, 0.0, 0.0, 0.0
500.0, 0.0, 0.0, 0.0, 0.0
600.0, 0.0, 0.0, 0.0, 0.0
700.0, 0.0, 0.0, 0.0, 0.0
800.0, 0.0, 1.0, 1.0, 0.0
900.0, 0.0, 1.0, 1.0, 1.0
1000.0, 0.0, 1.0, 1.0, 1.0
1100.0, 0.0, 1.0, 1.0, 1.0
1200.0, 0.0, 1.0, 1.0, 1.0
1300.0, 0.0, 1.0, 1.0, 1.0
1400.0, 0.0, 1.0, 1.0, 1.0
1500.0, 0.0, 1.0, 1.0, 1.0
1600.0, 0.0, 1.0, 1.0, 1.0
1700.0, 0.0, 3.0, 1.0, 1.0
1800.0, 0.0, 3.0, 2.0, 1.0
1900.0, 0.0, 3.0, 3.0, 1.0
2000.0, 0.0, 3.0, 3.0, 3.0
2100.0, 0.0, 3.0, 3.0, 3.0
2200.0, 0.0, 3.0, 3.0, 3.0
2300.0, 0.0, 3.0, 3.0, 3.0
2400.0, 0.0, 3.0, 3.0, 3.0
2500.0, 0.0, 3.0, 3.0, 3.0
2600.0, 0.0, 3.0, 3.0, 3.0
2700.0, 0.0, 3.0, 4.0, 4.0
2800.0, 0.0, 3.0, 4.0, 5.0
2900.0, 0.0, 5.0, 6.0, 6.0
3000.0, 0.0, 5.0, 6.0, 6.0
3100.0, 0.0, 5.0, 6.0, 6.0
3200.0, 0.0, 5.0, 6.0, 6.0
3300.0, 0.0, 5.0, 6.0, 6.0
3400.0, 0.0, 5.0, 6.0, 6.0
3500.0, 0.0, 5.0, 6.0, 6.0
3600.0, 0.0, 5.0, 6.0, 6.0
3700.0, 0.0, 5.0, 6.0, 6.0
3800.0, 0.0, 5.0, 6.0, 6.0
3900.0, 0.0, 5.0, 6.0, 6.0
4000.0, 0.0, 5.0, 6.0, 6.0
4100.0, 0.0, 5.0, 6.0, 6.0
4200.0, 0.0, 5.0, 6.0, 6.0
4300.0, 0.0, 5.0, 6.0, 6.0
4400.0, 0.0, 5.0, 6.0, 6.0
4500.0, 0.0, 5.0, 6.0, 6.0
4600.0, 0.0, 5.0, 6.0, 6.0
4700.0, 0.0, 5.0, 6.0, 6.0
4800.0, 0.0, 5.0, 6.0, 6.0
4900.0, 0.0, 5.0, 6.0, 6.0
5000.0, 0.0, 5.0, 6.0, 6.0
5100.0, 0.0, 5.0, 6.0, 6.0
5200.0, 0.0, 5.0, 6.0, 6.0
5300.0, 0.0, 5.0, 6.0, 6.0
5400.0, 0.0, 5.0, 6.0, 6.0
5500.0, 0.0, 5.0, 6.0, 6.0
