13/12/2020, 15:58:44
RngSeed: 1607875120495
CarToFollow: 1 2 dijkstra 4.85
FileOfCars: exp1/car.txt
FileOfCity: exp1/city.txt
FileOfPriorityCars: exp1/priorityCars.txt
FileOfTypeWeather: exp1/typeWeather.txt
NumberMinIntersectionCar: 2
NumberPriorityCars: 0
NumberShortestPathCar: 2
NumberShortestTimeCar: 2
PriorityCarToFollow: 1 2
ProbabilityAddCar: 0.3
ProbabilityAddPriorityCar: 0.6
ProbabilityChangeWeather: 0.4
TickIntervalChangeWeather: 200
TickIntervalMakeCar: 500

"tick", "Min intersection strategy", "Min distance strategy", "Min time strategy"
100.0, 0.0, 0.0, 0.0
200.0, 0.694445, 4.16667, 4.861115
300.0, 8.33334, 13.194455, 13.194455
400.0, 16.66668, 21.527794999999998, 21.527794999999998
500.0, 19.27084875, 22.916684999999998, 22.39585125
600.0, 25.520853749999997, 29.166689999999996, 29.166689999999996
700.0, 32.70835956829704, 35.62502354967057, 35.937523812088216
800.0, 39.37501660554997, 40.2083455558794, 40.20834558692351
900.0, 43.02084285554998, 43.95833854967058, 42.916671080714686
1000.0, 48.020846930055846, 49.166676111758804, 48.33334216142938
1100.0, 55.31251943005584, 56.14584838038526, 55.416681173847024
1200.0, 62.60419193005584, 63.43751588038527, 62.70835367384702
1300.0, 69.4791873307147, 69.68752088038526, 69.58334907450586
1400.0, 74.68752483071468, 75.62502058692351, 74.79168657450586
1500.0, 80.41669608071467, 81.14584828725293, 80.20834753104411
1600.0, 84.58334604967057, 85.31250825620882, 82.81250125
1700.0, 86.66668104967057, 89.58333999999999, 84.3750025
1800.0, 90.31251729967057, 93.75001, 87.500005
1900.0, 94.47918729967057, 98.9583475, 91.666675
2000.0, 98.64585729967058, 103.64584624999999, 95.833345
2100.0, 102.29168854967058, 107.81251125, 99.47917625
2200.0, 105.93752479967058, 111.4583375, 102.60417874999999
2300.0, 109.37502759313233, 113.33333901241764, 104.79167552483528
2400.0, 111.97918634313234, 115.00000703725294, 106.25
2500.0, 113.64585436796763, 116.14583628104411, 106.25
2600.0, 115.31252239280292, 116.97917029346175, 106.25
2700.0, 116.97919041763821, 117.8125043058794, 106.25
2800.0, 118.6458584424735, 118.64583831829705, 106.25
2900.0, 120.10418788659409, 118.75, 106.25
3000.0, 120.93752189901174, 118.75, 106.25
3100.0, 121.77085591142938, 118.75, 106.25
3200.0, 122.60418992384703, 118.75, 106.25
3300.0, 123.43752393626467, 118.75, 106.25
3400.0, 124.27085794868232, 118.75, 106.25
3500.0, 124.94794179884703, 118.75, 106.25
3600.0, 125.62502564901175, 118.75, 106.25
3700.0, 126.30210949917645, 118.75, 106.25
3800.0, 126.97919334934116, 118.75, 106.25
3900.0, 127.65627719950587, 118.75, 106.25
4000.0, 128.33336104967057, 118.75, 106.25
4100.0, 129.37502854967056, 118.75, 106.25
4200.0, 130.41669604967058, 118.75, 106.25
4300.0, 131.4583635496706, 118.75, 106.25
4400.0, 132.50003104967058, 118.75, 106.25
4500.0, 133.3333650620882, 118.75, 106.25
4600.0, 134.16669907450586, 118.75, 106.25
4700.0, 135.0000330869235, 118.75, 106.25
4800.0, 135.83336709934113, 118.75, 106.25
4900.0, 136.51045094950584, 118.75, 106.25
5000.0, 137.18753479967054, 118.75, 106.25
5100.0, 137.5, 118.75, 106.25
5200.0, 137.5, 118.75, 106.25
5300.0, 137.5, 118.75, 106.25
5400.0, 137.5, 118.75, 106.25
5500.0, 137.5, 118.75, 106.25
5600.0, 137.5, 118.75, 106.25
5700.0, 137.5, 118.75, 106.25
5800.0, 137.5, 118.75, 106.25
5900.0, 137.5, 118.75, 106.25
6000.0, 137.5, 118.75, 106.25
6100.0, 137.5, 118.75, 106.25
6200.0, 137.5, 118.75, 106.25
6300.0, 137.5, 118.75, 106.25
6400.0, 137.5, 118.75, 106.25
6500.0, 137.5, 118.75, 106.25
13/12/2020, 15:58:44
RngSeed: 1607875120495
CarToFollow: 1 2 dijkstra 4.85
FileOfCars: exp1/car.txt
FileOfCity: exp1/city.txt
FileOfPriorityCars: exp1/priorityCars.txt
FileOfTypeWeather: exp1/typeWeather.txt
NumberMinIntersectionCar: 2
NumberPriorityCars: 0
NumberShortestPathCar: 2
NumberShortestTimeCar: 2
PriorityCarToFollow: 1 2
ProbabilityAddCar: 0.3
ProbabilityAddPriorityCar: 0.6
ProbabilityChangeWeather: 0.4
TickIntervalChangeWeather: 200
TickIntervalMakeCar: 500

"tick", "Min intersection strategy", "Min distance strategy", "Min time strategy"
100.0, 2.0, 2.0, 2.0
200.0, 3.8333333333333335, 3.1666666666666665, 3.3333333333333335
300.0, 4.0, 3.1666666666666665, 3.3333333333333335
400.0, 4.0, 3.1666666666666665, 3.3333333333333335
500.0, 3.0, 2.375, 2.5
600.0, 3.375, 2.75, 2.875
700.0, 3.5, 3.0, 3.0
800.0, 3.5, 3.25, 3.125
900.0, 4.125, 3.875, 3.875
1000.0, 4.5, 4.125, 4.25
1100.0, 4.5, 4.125, 4.25
1200.0, 4.5, 4.125, 4.25
1300.0, 4.5, 4.25, 4.25
1400.0, 4.625, 4.375, 4.375
1500.0, 4.75, 4.625, 4.5
1600.0, 4.75, 4.875, 4.5
1700.0, 5.125, 4.875, 5.0
1800.0, 5.25, 5.125, 5.25
1900.0, 5.25, 5.125, 5.25
2000.0, 5.25, 5.125, 5.25
2100.0, 5.25, 5.375, 5.25
2200.0, 5.375, 5.375, 5.25
2300.0, 5.375, 5.375, 5.25
2400.0, 5.375, 5.375, 5.25
2500.0, 5.375, 5.375, 5.25
2600.0, 5.375, 5.375, 5.25
2700.0, 5.375, 5.375, 5.25
2800.0, 5.375, 5.375, 5.25
2900.0, 5.375, 5.375, 5.25
3000.0, 5.375, 5.375, 5.25
3100.0, 5.375, 5.375, 5.25
3200.0, 5.375, 5.375, 5.25
3300.0, 5.375, 5.375, 5.25
3400.0, 5.375, 5.375, 5.25
3500.0, 5.375, 5.375, 5.25
3600.0, 5.375, 5.375, 5.25
3700.0, 5.375, 5.375, 5.25
3800.0, 5.375, 5.375, 5.25
3900.0, 5.375, 5.375, 5.25
4000.0, 5.375, 5.375, 5.25
4100.0, 5.375, 5.375, 5.25
4200.0, 5.375, 5.375, 5.25
4300.0, 5.375, 5.375, 5.25
4400.0, 5.375, 5.375, 5.25
4500.0, 5.375, 5.375, 5.25
4600.0, 5.375, 5.375, 5.25
4700.0, 5.375, 5.375, 5.25
4800.0, 5.375, 5.375, 5.25
4900.0, 5.375, 5.375, 5.25
5000.0, 5.375, 5.375, 5.25
5100.0, 5.375, 5.375, 5.25
5200.0, 5.375, 5.375, 5.25
5300.0, 5.375, 5.375, 5.25
5400.0, 5.375, 5.375, 5.25
5500.0, 5.375, 5.375, 5.25
5600.0, 5.375, 5.375, 5.25
5700.0, 5.375, 5.375, 5.25
5800.0, 5.375, 5.375, 5.25
5900.0, 5.375, 5.375, 5.25
6000.0, 5.375, 5.375, 5.25
6100.0, 5.375, 5.375, 5.25
6200.0, 5.375, 5.375, 5.25
6300.0, 5.375, 5.375, 5.25
6400.0, 5.375, 5.375, 5.25
6500.0, 5.375, 5.375, 5.25
13/12/2020, 15:58:44
RngSeed: 1607875120495
CarToFollow: 1 2 dijkstra 4.85
FileOfCars: exp1/car.txt
FileOfCity: exp1/city.txt
FileOfPriorityCars: exp1/priorityCars.txt
FileOfTypeWeather: exp1/typeWeather.txt
NumberMinIntersectionCar: 2
NumberPriorityCars: 0
NumberShortestPathCar: 2
NumberShortestTimeCar: 2
PriorityCarToFollow: 1 2
ProbabilityAddCar: 0.3
ProbabilityAddPriorityCar: 0.6
ProbabilityChangeWeather: 0.4
TickIntervalChangeWeather: 200
TickIntervalMakeCar: 500

"tick", "Number Stopped Cars", "Min intersection strategy", "Min distance strategy", "Min time strategy"
100.0, 18.0, 0.0, 0.0, 0.0
200.0, 1.0, 0.0, 0.0, 0.0
300.0, 0.0, 0.0, 0.0, 0.0
400.0, 0.0, 0.0, 0.0, 0.0
500.0, 6.0, 0.0, 0.0, 0.0
600.0, 5.0, 0.0, 0.0, 0.0
700.0, 0.0, 0.0, 0.0, 0.0
800.0, 0.0, 0.0, 0.0, 0.0
900.0, 0.0, 0.0, 1.0, 1.0
1000.0, 0.0, 1.0, 1.0, 1.0
1100.0, 0.0, 1.0, 1.0, 1.0
1200.0, 0.0, 1.0, 1.0, 1.0
1300.0, 0.0, 1.0, 1.0, 1.0
1400.0, 0.0, 2.0, 1.0, 2.0
1500.0, 0.0, 2.0, 1.0, 2.0
1600.0, 0.0, 2.0, 3.0, 4.0
1700.0, 0.0, 4.0, 3.0, 4.0
1800.0, 0.0, 4.0, 3.0, 4.0
1900.0, 0.0, 4.0, 3.0, 4.0
2000.0, 0.0, 4.0, 3.0, 4.0
2100.0, 0.0, 4.0, 3.0, 5.0
2200.0, 0.0, 4.0, 5.0, 5.0
2300.0, 0.0, 4.0, 6.0, 5.0
2400.0, 0.0, 5.0, 6.0, 6.0
2500.0, 0.0, 6.0, 7.0, 8.0
2600.0, 0.0, 6.0, 7.0, 8.0
2700.0, 0.0, 6.0, 7.0, 8.0
2800.0, 0.0, 6.0, 7.0, 8.0
2900.0, 0.0, 6.0, 8.0, 8.0
3000.0, 0.0, 7.0, 8.0, 8.0
3100.0, 0.0, 7.0, 8.0, 8.0
3200.0, 0.0, 7.0, 8.0, 8.0
3300.0, 0.0, 7.0, 8.0, 8.0
3400.0, 0.0, 7.0, 8.0, 8.0
3500.0, 0.0, 7.0, 8.0, 8.0
3600.0, 0.0, 7.0, 8.0, 8.0
3700.0, 0.0, 7.0, 8.0, 8.0
3800.0, 0.0, 7.0, 8.0, 8.0
3900.0, 0.0, 7.0, 8.0, 8.0
4000.0, 0.0, 7.0, 8.0, 8.0
4100.0, 0.0, 7.0, 8.0, 8.0
4200.0, 0.0, 7.0, 8.0, 8.0
4300.0, 0.0, 7.0, 8.0, 8.0
4400.0, 0.0, 7.0, 8.0, 8.0
4500.0, 0.0, 7.0, 8.0, 8.0
4600.0, 0.0, 7.0, 8.0, 8.0
4700.0, 0.0, 7.0, 8.0, 8.0
4800.0, 0.0, 7.0, 8.0, 8.0
4900.0, 0.0, 7.0, 8.0, 8.0
5000.0, 0.0, 7.0, 8.0, 8.0
5100.0, 0.0, 8.0, 8.0, 8.0
5200.0, 0.0, 8.0, 8.0, 8.0
5300.0, 0.0, 8.0, 8.0, 8.0
5400.0, 0.0, 8.0, 8.0, 8.0
5500.0, 0.0, 8.0, 8.0, 8.0
5600.0, 0.0, 8.0, 8.0, 8.0
5700.0, 0.0, 8.0, 8.0, 8.0
5800.0, 0.0, 8.0, 8.0, 8.0
5900.0, 0.0, 8.0, 8.0, 8.0
6000.0, 0.0, 8.0, 8.0, 8.0
6100.0, 0.0, 8.0, 8.0, 8.0
6200.0, 0.0, 8.0, 8.0, 8.0
6300.0, 0.0, 8.0, 8.0, 8.0
6400.0, 0.0, 8.0, 8.0, 8.0
6500.0, 0.0, 8.0, 8.0, 8.0
